14
      88       96      -41       10      -19      -92       77      -35      -98      -79       23      -56      -22      -10 
      58        3      -53      -55        5       12      -82      -43       46       -6       58      -36       77       -2 
     -54       72        3      -11      -15      -92       15      -33      -17       78       61      -58       72        3 
     -29      -20      -50      -58       80      -49        3       67       36      -85       79      -33       19       56 
      48      -48       44      -21      -25       64      -82        0       32      -56      -67       44      -13      -60 
     -98       98      -45       56       98      -12       20      -30      -37       75       79       51      -89       22 
     -87      -91       82       13       52      -93       70      -71      -98      -48      -48       56      -44       93 
      18       60       60       42       59       98      -80      -40       81       73       80      -58       92      -54 
      14      -72       13       96       48      -77      -60       47       98       62      -26      -90       46      -16 
      20      -13      -69      -94       70       40       93       44      -57      -53      -29        5      -42       62 
     -63      -26       25      -77       50      -77       99      -94      -25      -71       63      -77       58       66 
      -5      -61       91       -8       -6       86      -49      -94       77       64       64       71       30      -10 
     -92       22       98      -23       47      -67      -68      -48       85      -30       27      -20      -59        2 
     -85       -7       61        0       13       84        7       17      -58      -39      -35      -20      -43       32 

      77       41       61      -26      -18       -7       15       81       34      -96       33      -28      -99       79 
     -93       31      -79      -81        1       90       45        5       76       12       85       50       53       21 
       0       -9       86      -21       17       60       86       83      -10      -97      -75       10       72      -81 
      85      -55       86       57        5      -98      -30        4       71      -93        4       75       33       76 
      30      -99       42      -99       62      -51       44       94       51       16      -53       72      -48      -43 
     -10      -72       55       70      -71       19       60       -7      -96      -41       -3      -51      -72       -4 
     -14      -21       -9      -28      -32        5       65       85       63       53       -4      -67       67       11 
     -35       73      -69       13      -70       -6       69       64      -87       96      -84       97       -9       32 
      79      -83       95       59      -65        3      -78      -36       97       58      -10       47       54       35 
       2        0       66       67       79      -78      -19       59       21       -9       -9       45       14       40 
      -2        7       73      -27      -48       79       52       10      -67       97      -30       17       16      -68 
     -18      -34      -76       38       90       74      -34      -19       21      -68       36      -50       78       52 
     -91       15      -51      -93       47      -34       30       31       24      -67      -67       94       11      -96 
      -8      -38       62      -59       44       -9      -79       84      -41       20      -73      -55       46        2 
