Transposed Matrix:
            1       2       3       4       5       6       7       8       9      10      11      12      13      14
---------------------------------------------------------------------------------------------------------------------
 1 |       88      58     -54     -29      48     -98     -87      18      14      20     -63      -5     -92     -85
 2 |       96       3      72     -20     -48      98     -91      60     -72     -13     -26     -61      22      -7
 3 |      -41     -53       3     -50      44     -45      82      60      13     -69      25      91      98      61
 4 |       10     -55     -11     -58     -21      56      13      42      96     -94     -77      -8     -23       0
 5 |      -19       5     -15      80     -25      98      52      59      48      70      50      -6      47      13
 6 |      -92      12     -92     -49      64     -12     -93      98     -77      40     -77      86     -67      84
 7 |       77     -82      15       3     -82      20      70     -80     -60      93      99     -49     -68       7
 8 |      -35     -43     -33      67       0     -30     -71     -40      47      44     -94     -94     -48      17
 9 |      -98      46     -17      36      32     -37     -98      81      98     -57     -25      77      85     -58
10 |      -79      -6      78     -85     -56      75     -48      73      62     -53     -71      64     -30     -39
11 |       23      58      61      79     -67      79     -48      80     -26     -29      63      64      27     -35
12 |      -56     -36     -58     -33      44      51      56     -58     -90       5     -77      71     -20     -20
13 |      -22      77      72      19     -13     -89     -44      92      46     -42      58      30     -59     -43
14 |      -10      -2       3      56     -60      22      93     -54     -16      62      66     -10       2      32

Sum of Matrices:
            1       2       3       4       5       6       7       8       9      10      11      12      13      14
---------------------------------------------------------------------------------------------------------------------
 1 |      165     137      20     -16     -37     -99      92      46     -64    -175      56     -84    -121      69
 2 |      -35      34    -132    -136       6     102     -37     -38     122       6     143      14     130      19
 3 |      -54      63      89     -32       2     -32     101      50     -27     -19     -14     -48     144     -78
 4 |       56     -75      36      -1      85    -147     -27      71     107    -178      83      42      52     132
 5 |       78    -147      86    -120      37      13     -38      94      83     -40    -120     116     -61    -103
 6 |     -108      26      10     126      27       7      80     -37    -133      34      76       0    -161      18
 7 |     -101    -112      73     -15      20     -88     135      14     -35       5     -52     -11      23     104
 8 |      -17     133      -9      55     -11      92     -11      24      -6     169      -4      39      83     -22
 9 |       93    -155     108     155     -17     -74    -138      11     195     120     -36     -43     100      19
10 |       22     -13      -3     -27     149     -38      74     103     -36     -62     -38      50     -28     102
11 |      -65     -19      98    -104       2       2     151     -84     -92      26      33     -60      74      -2
12 |      -23     -95      15      30      84     160     -83    -113      98      -4     100      21     108      42
13 |     -183      37      47    -116      94    -101     -38     -17     109     -97     -40      74     -48     -94
14 |      -93     -45     123     -59      57      75     -72     101     -99     -19    -108     -75       3      34

Product of Matrices:
            1       2       3       4       5       6       7       8       9      10      11      12      13      14
---------------------------------------------------------------------------------------------------------------------
 1 |    -5661   20985  -17105  -26991   -4284    8779   10423    6047   13167    2280   19283   -9042   -4336    4987
 2 |     -642    2240    5481   -9356   -3082    1819   -6026   -7769   -1873    1435    1108    6968  -16150   -9625
 3 |   -17215   10757   -4310  -17423   11107    -677    2447    3998   10997   11348   -1641   16974   15217  -15256
 4 |    -3867    -889   -4874  -22474   -9445    5076    1686    5974   -9099   35275  -17386    9085   -2188  -15076
 5 |     9554   -1708     -42   16136   -6318    5532   -1678  -13957   -7043  -22329    4610   -6726  -13322    4393
 6 |    -3996  -15384    1801   -3119   15678    3254    -361    2784    9288   17758    9495    5665   15601    4884
 7 |     1374  -11246    -838  -12858   27437   -3117   -6890   11901    1405   -9272  -12470  -23042   21082  -12568
 8 |     2175  -15148   31199   -1519   -3584   -2614   12839    4015    6829  -13387   -6556   29946   -7104  -15716
 9 |    22819   -5530   26000    6700     584  -34375  -12427    6858   16081   -1818  -18182   35958   -3807    3475
10 |    -7698    -971  -15928  -15231   -4458    4065    8779   14919  -12675   20064   -3159  -21078  -12648    1286
11 |   -11467   -4230    1723  -35651    4819    6369    5593   10318    3454   18622  -13868  -10912   11073  -34600
12 |     9699  -21433   31722   17069    7545    7667   -4147   -4151   -2609  -20518   -6045   -5846    6695  -11593
13 |     5941  -11759   14032   -3937    2760   12272   -6860   -9106    8540   10188   -4897    8080   17500  -15962
14 |    -7610   -7104    -398    2375   -4056    4288   11203    1632  -19335    -601   -8566   -9406    1281  -10135

