87 
89 34
63 -92
-98 2
18 25
49 -56
80 -91
-53 67
-17 -72
-39 -25
60 -35
0 -5
37 -11
-50 82
-3 -54
0 57
43 -55
34 -30
-47 57
78 -84
-12 89
42 -49
-77 48
-67 10
-74 -15
-7 -69
2 5
-24 38
-25 -64
27 57
-75 -56
70 -87
75 43
-38 -53
32 32
-10 -52
55 80
-98 -27
39 3
-73 4
-72 4
96 83
9 -33
-60 -41
78 88
-28 -43
75 21
56 0
58 2
55 19
-73 13
-78 -38
38 13
-3 72
-21 17
-15 -8
62 48
81 76
64 -47
-16 71
-75 -54
-61 43
-83 4
63 -47
39 -62
84 -94
82 52
47 23
-65 84
-52 43
95 -69
58 -66
12 38
-58 -38
-99 20
53 -3
49 -51
46 81
-95 41
9 65
75 -9
-45 -96
-84 82
-68 6
97 74
26 -88
-82 -88
77 39
