65
35 -63
44 -59
-7 -40
63 44
-20 19
15 -71
83 -93
-19 53
-1 -81
-79 0
0 -76
-73 -7
-84 -26
28 3
83 -80
33 -3
69 -43
97 17
-61 -68
96 86
39 22
22 89
-64 -6
76 73
57 -52
-63 43
48 -90
98 -57
-1 -16
83 -38
30 11
58 -95
51 -29
-58 64
-15 80
57 -44
-25 83
20 -5
-24 64
65 -50
-72 -96
-48 -39
-59 38
-79 48
-37 24
-61 90
-28 -92
14 -25
16 -36
21 72
-44 -86
14 80
-95 -33
22 37
-20 -87
-1 56
75 -57
19 48
-1 -50
74 33
64 4
-66 -35
89 34
10 -24
48 0
